x1 = 2*30.010711
x2 = 28.66 + 0.035702
x3 = 0.075 * (36.162 + 0.000845)
x4 = 6.3 * (27.87 + 0.004268)
q = 689.8 - 87.966
x = x1+x2+x3+x4
print(x)
t = 1000*q /x + 298.15

print(t)
